,time_hm,day_pct,vol_pct,days,vol_pct_sum
0,830,0.0026,0.0102,120,0.0102
1,831,0.0051,0.0054,120,0.0156
2,832,0.0077,0.0046,120,0.0202
3,833,0.0103,0.0048,120,0.025
4,834,0.0128,0.0044,120,0.0294
5,835,0.0154,0.005,120,0.0344
6,836,0.0179,0.0045,120,0.0389
7,837,0.0205,0.0039,120,0.0428
8,838,0.0231,0.0042,120,0.047
9,839,0.0256,0.0037,120,0.0507
10,840,0.0282,0.0041,120,0.0548
11,841,0.0308,0.0036,120,0.0584
12,842,0.0333,0.0034,120,0.0618
13,843,0.0359,0.0034,120,0.0652
14,844,0.0385,0.0034,120,0.0686
15,845,0.041,0.004,120,0.0726
16,846,0.0436,0.0037,120,0.0763
17,847,0.0462,0.0034,120,0.0797
18,848,0.0487,0.0034,120,0.0831
19,849,0.0513,0.0033,120,0.0864
20,850,0.0538,0.004,120,0.0904
21,851,0.0564,0.0033,120,0.0937
22,852,0.059,0.0031,120,0.0968
23,853,0.0615,0.0033,120,0.1001
24,854,0.0641,0.0029,120,0.103
25,855,0.0667,0.003,120,0.106
26,856,0.0692,0.0029,120,0.1089
27,857,0.0718,0.0028,120,0.1117
28,858,0.0744,0.0028,120,0.1145
29,859,0.0769,0.0029,120,0.1174
30,900,0.0795,0.0047,120,0.1221
31,901,0.0821,0.0038,120,0.1259
32,902,0.0846,0.0035,120,0.1294
33,903,0.0872,0.0032,120,0.1326
34,904,0.0897,0.003,120,0.1356
35,905,0.0923,0.0031,120,0.1387
36,906,0.0949,0.0032,120,0.1419
37,907,0.0974,0.0029,120,0.1448
38,908,0.1,0.0028,120,0.1476
39,909,0.1026,0.0028,120,0.1504
40,910,0.1051,0.0032,120,0.1536
41,911,0.1077,0.003,120,0.1566
42,912,0.1103,0.0032,120,0.1598
43,913,0.1128,0.0027,120,0.1625
44,914,0.1154,0.0028,120,0.1653
45,915,0.1179,0.003,120,0.1683
46,916,0.1205,0.003,120,0.1713
47,917,0.1231,0.0027,120,0.174
48,918,0.1256,0.0025,120,0.1765
49,919,0.1282,0.0025,120,0.179
50,920,0.1308,0.0029,120,0.1819
51,921,0.1333,0.0027,120,0.1846
52,922,0.1359,0.0026,120,0.1872
53,923,0.1385,0.0026,120,0.1898
54,924,0.141,0.0035,120,0.1933
55,925,0.1436,0.0027,120,0.196
56,926,0.1462,0.0027,120,0.1987
57,927,0.1487,0.0032,120,0.2019
58,928,0.1513,0.0025,120,0.2044
59,929,0.1538,0.0025,120,0.2069
60,930,0.1564,0.0029,120,0.2098
61,931,0.159,0.0027,120,0.2125
62,932,0.1615,0.0027,120,0.2152
63,933,0.1641,0.0028,120,0.218
64,934,0.1667,0.0026,120,0.2206
65,935,0.1692,0.0025,120,0.2231
66,936,0.1718,0.0026,120,0.2257
67,937,0.1744,0.0027,120,0.2284
68,938,0.1769,0.0026,120,0.231
69,939,0.1795,0.0024,120,0.2334
70,940,0.1821,0.0025,120,0.2359
71,941,0.1846,0.0025,120,0.2384
72,942,0.1872,0.0023,120,0.2407
73,943,0.1897,0.0022,120,0.2429
74,944,0.1923,0.0022,120,0.2451
75,945,0.1949,0.0024,120,0.2475
76,946,0.1974,0.0024,120,0.2499
77,947,0.2,0.0024,120,0.2523
78,948,0.2026,0.0027,120,0.255
79,949,0.2051,0.0021,120,0.2571
80,950,0.2077,0.0024,120,0.2595
81,951,0.2103,0.0024,120,0.2619
82,952,0.2128,0.0025,120,0.2644
83,953,0.2154,0.0023,120,0.2667
84,954,0.2179,0.002,120,0.2687
85,955,0.2205,0.0023,120,0.271
86,956,0.2231,0.0023,120,0.2733
87,957,0.2256,0.0021,120,0.2754
88,958,0.2282,0.002,120,0.2774
89,959,0.2308,0.002,120,0.2794
90,1000,0.2333,0.0027,120,0.2821
91,1001,0.2359,0.0026,120,0.2847
92,1002,0.2385,0.0025,120,0.2872
93,1003,0.241,0.0023,120,0.2895
94,1004,0.2436,0.0022,120,0.2917
95,1005,0.2462,0.0022,120,0.2939
96,1006,0.2487,0.0022,120,0.2961
97,1007,0.2513,0.0021,120,0.2982
98,1008,0.2538,0.0021,120,0.3003
99,1009,0.2564,0.0021,120,0.3024
100,1010,0.259,0.0021,120,0.3045
101,1011,0.2615,0.002,120,0.3065
102,1012,0.2641,0.0023,120,0.3088
103,1013,0.2667,0.0021,120,0.3109
104,1014,0.2692,0.0019,120,0.3128
105,1015,0.2718,0.0023,120,0.3151
106,1016,0.2744,0.0023,120,0.3174
107,1017,0.2769,0.0021,120,0.3195
108,1018,0.2795,0.0022,120,0.3217
109,1019,0.2821,0.002,120,0.3237
110,1020,0.2846,0.0021,120,0.3258
111,1021,0.2872,0.002,120,0.3278
112,1022,0.2897,0.0022,120,0.33
113,1023,0.2923,0.0019,120,0.3319
114,1024,0.2949,0.0021,120,0.334
115,1025,0.2974,0.0019,120,0.3359
116,1026,0.3,0.002,120,0.3379
117,1027,0.3026,0.0021,120,0.34
118,1028,0.3051,0.0019,120,0.3419
119,1029,0.3077,0.002,120,0.3439
120,1030,0.3103,0.0022,120,0.3461
121,1031,0.3128,0.0022,120,0.3483
122,1032,0.3154,0.0022,120,0.3505
123,1033,0.3179,0.0021,120,0.3526
124,1034,0.3205,0.0022,120,0.3548
125,1035,0.3231,0.0021,120,0.3569
126,1036,0.3256,0.002,120,0.3589
127,1037,0.3282,0.002,120,0.3609
128,1038,0.3308,0.002,120,0.3629
129,1039,0.3333,0.0018,120,0.3647
130,1040,0.3359,0.0019,120,0.3666
131,1041,0.3385,0.0018,120,0.3684
132,1042,0.341,0.0023,120,0.3707
133,1043,0.3436,0.0021,120,0.3728
134,1044,0.3462,0.002,120,0.3748
135,1045,0.3487,0.0021,120,0.3769
136,1046,0.3513,0.0019,120,0.3788
137,1047,0.3538,0.002,120,0.3808
138,1048,0.3564,0.0018,120,0.3826
139,1049,0.359,0.0016,120,0.3842
140,1050,0.3615,0.0017,120,0.3859
141,1051,0.3641,0.002,120,0.3879
142,1052,0.3667,0.0017,120,0.3896
143,1053,0.3692,0.0018,120,0.3914
144,1054,0.3718,0.0018,120,0.3932
145,1055,0.3744,0.002,120,0.3952
146,1056,0.3769,0.002,120,0.3972
147,1057,0.3795,0.0016,120,0.3988
148,1058,0.3821,0.0016,120,0.4004
149,1059,0.3846,0.0015,120,0.4019
150,1100,0.3872,0.0018,120,0.4037
151,1101,0.3897,0.0019,120,0.4056
152,1102,0.3923,0.0019,120,0.4075
153,1103,0.3949,0.0019,120,0.4094
154,1104,0.3974,0.0017,120,0.4111
155,1105,0.4,0.0016,120,0.4127
156,1106,0.4026,0.0016,120,0.4143
157,1107,0.4051,0.0018,120,0.4161
158,1108,0.4077,0.0016,120,0.4177
159,1109,0.4103,0.0017,120,0.4194
160,1110,0.4128,0.0017,120,0.4211
161,1111,0.4154,0.0017,120,0.4228
162,1112,0.4179,0.0016,120,0.4244
163,1113,0.4205,0.0017,120,0.4261
164,1114,0.4231,0.0016,120,0.4277
165,1115,0.4256,0.0017,120,0.4294
166,1116,0.4282,0.0017,120,0.4311
167,1117,0.4308,0.0015,120,0.4326
168,1118,0.4333,0.0017,120,0.4343
169,1119,0.4359,0.0016,120,0.4359
170,1120,0.4385,0.0017,120,0.4376
171,1121,0.441,0.0016,120,0.4392
172,1122,0.4436,0.0015,120,0.4407
173,1123,0.4462,0.0017,120,0.4424
174,1124,0.4487,0.0015,120,0.4439
175,1125,0.4513,0.0016,120,0.4455
176,1126,0.4538,0.0017,120,0.4472
177,1127,0.4564,0.0015,120,0.4487
178,1128,0.459,0.0017,120,0.4504
179,1129,0.4615,0.0017,120,0.4521
180,1130,0.4641,0.0019,120,0.454
181,1131,0.4667,0.0017,120,0.4557
182,1132,0.4692,0.0017,120,0.4574
183,1133,0.4718,0.0016,120,0.459
184,1134,0.4744,0.0016,120,0.4606
185,1135,0.4769,0.0016,120,0.4622
186,1136,0.4795,0.0017,120,0.4639
187,1137,0.4821,0.0016,120,0.4655
188,1138,0.4846,0.0015,120,0.467
189,1139,0.4872,0.0016,120,0.4686
190,1140,0.4897,0.0016,120,0.4702
191,1141,0.4923,0.0017,120,0.4719
192,1142,0.4949,0.0015,120,0.4734
193,1143,0.4974,0.0015,120,0.4749
194,1144,0.5,0.0016,120,0.4765
195,1145,0.5026,0.0018,120,0.4783
196,1146,0.5051,0.0016,120,0.4799
197,1147,0.5077,0.0014,120,0.4813
198,1148,0.5103,0.0017,120,0.483
199,1149,0.5128,0.0014,120,0.4844
200,1150,0.5154,0.0016,120,0.486
201,1151,0.5179,0.0015,120,0.4875
202,1152,0.5205,0.0015,120,0.489
203,1153,0.5231,0.0015,120,0.4905
204,1154,0.5256,0.0014,120,0.4919
205,1155,0.5282,0.0015,120,0.4934
206,1156,0.5308,0.0016,120,0.495
207,1157,0.5333,0.0016,120,0.4966
208,1158,0.5359,0.0014,120,0.498
209,1159,0.5385,0.0014,120,0.4994
210,1200,0.541,0.0018,120,0.5012
211,1201,0.5436,0.0019,120,0.5031
212,1202,0.5462,0.0019,120,0.505
213,1203,0.5487,0.0017,120,0.5067
214,1204,0.5513,0.0015,120,0.5082
215,1205,0.5538,0.0015,120,0.5097
216,1206,0.5564,0.0016,120,0.5113
217,1207,0.559,0.0016,120,0.5129
218,1208,0.5615,0.0017,120,0.5146
219,1209,0.5641,0.0016,120,0.5162
220,1210,0.5667,0.0015,120,0.5177
221,1211,0.5692,0.0017,120,0.5194
222,1212,0.5718,0.0016,120,0.521
223,1213,0.5744,0.0017,120,0.5227
224,1214,0.5769,0.0016,120,0.5243
225,1215,0.5795,0.0016,120,0.5259
226,1216,0.5821,0.0016,120,0.5275
227,1217,0.5846,0.0016,120,0.5291
228,1218,0.5872,0.0016,120,0.5307
229,1219,0.5897,0.0016,120,0.5323
230,1220,0.5923,0.0017,120,0.534
231,1221,0.5949,0.0017,120,0.5357
232,1222,0.5974,0.0015,120,0.5372
233,1223,0.6,0.0017,120,0.5389
234,1224,0.6026,0.0015,120,0.5404
235,1225,0.6051,0.0016,120,0.542
236,1226,0.6077,0.0018,120,0.5438
237,1227,0.6103,0.0018,120,0.5456
238,1228,0.6128,0.0017,120,0.5473
239,1229,0.6154,0.0015,120,0.5488
240,1230,0.6179,0.0019,120,0.5507
241,1231,0.6205,0.0017,120,0.5524
242,1232,0.6231,0.0018,120,0.5542
243,1233,0.6256,0.0016,120,0.5558
244,1234,0.6282,0.0015,120,0.5573
245,1235,0.6308,0.0017,120,0.559
246,1236,0.6333,0.0016,120,0.5606
247,1237,0.6359,0.0017,120,0.5623
248,1238,0.6385,0.0015,120,0.5638
249,1239,0.641,0.0016,120,0.5654
250,1240,0.6436,0.0017,120,0.5671
251,1241,0.6462,0.0016,120,0.5687
252,1242,0.6487,0.0016,120,0.5703
253,1243,0.6513,0.0017,120,0.572
254,1244,0.6538,0.0016,120,0.5736
255,1245,0.6564,0.0016,120,0.5752
256,1246,0.659,0.0016,120,0.5768
257,1247,0.6615,0.0016,120,0.5784
258,1248,0.6641,0.0015,120,0.5799
259,1249,0.6667,0.0016,120,0.5815
260,1250,0.6692,0.0016,120,0.5831
261,1251,0.6718,0.0016,120,0.5847
262,1252,0.6744,0.0016,120,0.5863
263,1253,0.6769,0.0015,120,0.5878
264,1254,0.6795,0.0016,120,0.5894
265,1255,0.6821,0.0018,120,0.5912
266,1256,0.6846,0.0017,120,0.5929
267,1257,0.6872,0.0016,120,0.5945
268,1258,0.6897,0.0017,120,0.5962
269,1259,0.6923,0.0016,120,0.5978
270,1300,0.6949,0.0032,120,0.601
271,1301,0.6974,0.0024,120,0.6034
272,1302,0.7,0.0023,120,0.6057
273,1303,0.7026,0.0021,120,0.6078
274,1304,0.7051,0.0023,120,0.6101
275,1305,0.7077,0.0022,120,0.6123
276,1306,0.7103,0.0023,120,0.6146
277,1307,0.7128,0.0021,120,0.6167
278,1308,0.7154,0.0021,120,0.6188
279,1309,0.7179,0.0022,120,0.621
280,1310,0.7205,0.002,120,0.623
281,1311,0.7231,0.002,120,0.625
282,1312,0.7256,0.0017,120,0.6267
283,1313,0.7282,0.0018,120,0.6285
284,1314,0.7308,0.0019,120,0.6304
285,1315,0.7333,0.0022,120,0.6326
286,1316,0.7359,0.002,120,0.6346
287,1317,0.7385,0.0017,120,0.6363
288,1318,0.741,0.0019,120,0.6382
289,1319,0.7436,0.0017,120,0.6399
290,1320,0.7462,0.0019,120,0.6418
291,1321,0.7487,0.0018,120,0.6436
292,1322,0.7513,0.0017,120,0.6453
293,1323,0.7538,0.0018,120,0.6471
294,1324,0.7564,0.0017,120,0.6488
295,1325,0.759,0.0021,120,0.6509
296,1326,0.7615,0.002,120,0.6529
297,1327,0.7641,0.0023,120,0.6552
298,1328,0.7667,0.002,120,0.6572
299,1329,0.7692,0.0018,120,0.659
300,1330,0.7718,0.0022,120,0.6612
301,1331,0.7744,0.0021,120,0.6633
302,1332,0.7769,0.0023,120,0.6656
303,1333,0.7795,0.0021,120,0.6677
304,1334,0.7821,0.0021,120,0.6698
305,1335,0.7846,0.0025,120,0.6723
306,1336,0.7872,0.0022,120,0.6745
307,1337,0.7897,0.002,120,0.6765
308,1338,0.7923,0.002,120,0.6785
309,1339,0.7949,0.002,120,0.6805
310,1340,0.7974,0.0022,120,0.6827
311,1341,0.8,0.002,120,0.6847
312,1342,0.8026,0.002,120,0.6867
313,1343,0.8051,0.0023,120,0.689
314,1344,0.8077,0.0022,120,0.6912
315,1345,0.8103,0.0023,120,0.6935
316,1346,0.8128,0.002,120,0.6955
317,1347,0.8154,0.0025,120,0.698
318,1348,0.8179,0.0022,120,0.7002
319,1349,0.8205,0.002,120,0.7022
320,1350,0.8231,0.0022,120,0.7044
321,1351,0.8256,0.0021,120,0.7065
322,1352,0.8282,0.0022,120,0.7087
323,1353,0.8308,0.0021,120,0.7108
324,1354,0.8333,0.0021,120,0.7129
325,1355,0.8359,0.0023,120,0.7152
326,1356,0.8385,0.0021,120,0.7173
327,1357,0.841,0.0021,120,0.7194
328,1358,0.8436,0.0024,120,0.7218
329,1359,0.8462,0.0022,120,0.724
330,1400,0.8487,0.0025,120,0.7265
331,1401,0.8513,0.0027,120,0.7292
332,1402,0.8538,0.0024,120,0.7316
333,1403,0.8564,0.0026,120,0.7342
334,1404,0.859,0.003,120,0.7372
335,1405,0.8615,0.0028,120,0.74
336,1406,0.8641,0.0026,120,0.7426
337,1407,0.8667,0.0026,120,0.7452
338,1408,0.8692,0.0025,120,0.7477
339,1409,0.8718,0.0023,120,0.75
340,1410,0.8744,0.0026,120,0.7526
341,1411,0.8769,0.0026,120,0.7552
342,1412,0.8795,0.0028,120,0.758
343,1413,0.8821,0.0027,120,0.7607
344,1414,0.8846,0.0023,120,0.763
345,1415,0.8872,0.0026,120,0.7656
346,1416,0.8897,0.0026,120,0.7682
347,1417,0.8923,0.0024,120,0.7706
348,1418,0.8949,0.0025,120,0.7731
349,1419,0.8974,0.0025,120,0.7756
350,1420,0.9,0.0026,120,0.7782
351,1421,0.9026,0.0026,120,0.7808
352,1422,0.9051,0.0028,120,0.7836
353,1423,0.9077,0.003,120,0.7866
354,1424,0.9103,0.0025,120,0.7891
355,1425,0.9128,0.0027,120,0.7918
356,1426,0.9154,0.0027,120,0.7945
357,1427,0.9179,0.0028,120,0.7973
358,1428,0.9205,0.0029,120,0.8002
359,1429,0.9231,0.0027,120,0.8029
360,1430,0.9256,0.0034,120,0.8063
361,1431,0.9282,0.0035,120,0.8098
362,1432,0.9308,0.0034,120,0.8132
363,1433,0.9333,0.0035,120,0.8167
364,1434,0.9359,0.0034,120,0.8201
365,1435,0.9385,0.0036,120,0.8237
366,1436,0.941,0.0037,120,0.8274
367,1437,0.9436,0.0037,120,0.8311
368,1438,0.9462,0.0036,120,0.8347
369,1439,0.9487,0.0033,120,0.838
370,1440,0.9513,0.0039,120,0.8419
371,1441,0.9538,0.0037,120,0.8456
372,1442,0.9564,0.004,120,0.8496
373,1443,0.959,0.0041,120,0.8537
374,1444,0.9615,0.0043,120,0.858
375,1445,0.9641,0.0048,120,0.8628
376,1446,0.9667,0.0051,120,0.8679
377,1447,0.9692,0.005,120,0.8729
378,1448,0.9718,0.0056,120,0.8785
379,1449,0.9744,0.0057,120,0.8842
380,1450,0.9769,0.0109,120,0.8951
381,1451,0.9795,0.0077,120,0.9028
382,1452,0.9821,0.0072,120,0.91
383,1453,0.9846,0.0069,120,0.9169
384,1454,0.9872,0.0084,120,0.9253
385,1455,0.9897,0.0094,120,0.9347
386,1456,0.9923,0.0088,120,0.9435
387,1457,0.9949,0.0093,120,0.9528
388,1458,0.9974,0.0124,120,0.9652
389,1459,1.0,0.0341,120,0.9993
